./data/csv/KB/|134217728|597152|64.61330699920654
./data/csv/KB/|268435456|597152|76.3592221736908
./data/csv/KB/|528435456|597152|76.52465987205505
./data/csv/KB/|1048435456|597152|64.5079128742218
./data/csv/1MB/|134217728|597152|280.51598501205444
./data/csv/1MB/|268435456|597152|244.72170495986938
./data/csv/1MB/|528435456|597152|222.4573256969452
./data/csv/1MB/|1048435456|597152|241.53702092170715
./data/csv/11MB/|134217728|597152|553.0809857845306
./data/csv/11MB/|268435456|597152|472.69290804862976
./data/csv/11MB/|528435456|597152|469.8212671279907
./data/csv/11MB/|1048435456|597152|479.5497839450836
./data/csv/KB/|134217728|1097152|69.25379800796509
./data/csv/KB/|268435456|1097152|67.22798013687134
./data/csv/KB/|528435456|1097152|65.0463752746582
./data/csv/KB/|1048435456|1097152|73.91204524040222
./data/csv/1MB/|134217728|1097152|267.8372220993042
./data/csv/1MB/|268435456|1097152|235.4343159198761
./data/csv/1MB/|528435456|1097152|231.8860800266266
./data/csv/1MB/|1048435456|1097152|246.42302203178406
./data/csv/11MB/|134217728|1097152|467.39963698387146
./data/csv/11MB/|268435456|1097152|508.97843194007874
./data/csv/11MB/|528435456|1097152|561.913724899292
./data/csv/11MB/|1048435456|1097152|473.66319012641907
./data/csv/KB/|134217728|2097152|67.24568915367126
./data/csv/KB/|268435456|2097152|68.72642517089844
./data/csv/KB/|528435456|2097152|63.79189610481262
./data/csv/KB/|1048435456|2097152|67.5691499710083
./data/csv/1MB/|134217728|2097152|241.10018014907837
./data/csv/1MB/|268435456|2097152|240.85288500785828
./data/csv/1MB/|528435456|2097152|249.02060079574585
./data/csv/1MB/|1048435456|2097152|269.11614084243774
./data/csv/11MB/|134217728|2097152|527.7672681808472
./data/csv/11MB/|268435456|2097152|473.51388216018677
./data/csv/11MB/|528435456|2097152|591.8153920173645
./data/csv/11MB/|1048435456|2097152|504.72471499443054
./data/csv/KB/|134217728|4194304|75.18466305732727
./data/csv/KB/|268435456|4194304|69.29195189476013
./data/csv/KB/|528435456|4194304|68.31666827201843
./data/csv/KB/|1048435456|4194304|65.8947958946228
./data/csv/1MB/|134217728|4194304|251.96975207328796
./data/csv/1MB/|268435456|4194304|230.62737274169922
./data/csv/1MB/|528435456|4194304|268.6017940044403
./data/csv/1MB/|1048435456|4194304|263.44545102119446
./data/csv/11MB/|134217728|4194304|457.62684893608093
./data/csv/11MB/|268435456|4194304|483.26932525634766
./data/csv/11MB/|528435456|4194304|466.7088589668274
./data/csv/11MB/|1048435456|4194304|500.42933225631714
./data/csv/KB/|134217728|8388608|87.56517672538757
./data/csv/KB/|268435456|8388608|79.46896600723267
./data/csv/KB/|528435456|8388608|72.95410585403442
./data/csv/KB/|1048435456|8388608|71.68261003494263
./data/csv/1MB/|134217728|8388608|274.85935282707214
./data/csv/1MB/|268435456|8388608|264.1434760093689
./data/csv/1MB/|528435456|8388608|261.33725905418396
./data/csv/1MB/|1048435456|8388608|253.67088913917542
./data/csv/11MB/|134217728|8388608|493.57020902633667
./data/csv/11MB/|268435456|8388608|482.20444202423096
./data/csv/11MB/|528435456|8388608|499.18042969703674
./data/csv/11MB/|1048435456|8388608|512.3854660987854
./data/csv/KB/|134217728|16777216|107.51357579231262
./data/csv/KB/|268435456|16777216|91.79841089248657
./data/csv/KB/|528435456|16777216|80.03134226799011
./data/csv/KB/|1048435456|16777216|73.96103191375732
./data/csv/1MB/|134217728|16777216|291.4121220111847
./data/csv/1MB/|268435456|16777216|265.69701290130615
./data/csv/1MB/|528435456|16777216|244.4972140789032
./data/csv/1MB/|1048435456|16777216|251.39669108390808
./data/csv/11MB/|134217728|16777216|477.3746910095215
./data/csv/11MB/|268435456|16777216|494.65087509155273
./data/csv/11MB/|528435456|16777216|470.8654329776764
./data/csv/11MB/|1048435456|16777216|491.8906168937683
./data/csv/KB/|134217728|33554432|144.45911598205566
./data/csv/KB/|268435456|33554432|109.05298089981079
./data/csv/KB/|528435456|33554432|92.0357460975647
./data/csv/KB/|1048435456|33554432|84.34471011161804
./data/csv/1MB/|134217728|33554432|321.8040111064911
./data/csv/1MB/|268435456|33554432|313.9783191680908
./data/csv/1MB/|528435456|33554432|274.18118810653687
./data/csv/1MB/|1048435456|33554432|252.21276116371155
./data/csv/11MB/|134217728|33554432|552.0167841911316
./data/csv/11MB/|268435456|33554432|520.4037239551544
./data/csv/11MB/|528435456|33554432|518.2462379932404
./data/csv/11MB/|1048435456|33554432|527.019642829895
./data/csv/KB/|134217728|67108864|213.07893419265747
./data/csv/KB/|268435456|67108864|139.27681493759155
./data/csv/KB/|528435456|67108864|99.95982217788696
./data/csv/KB/|1048435456|67108864|89.41818714141846
./data/csv/1MB/|134217728|67108864|352.9693412780762
./data/csv/1MB/|268435456|67108864|312.97286772727966
./data/csv/1MB/|528435456|67108864|275.2468271255493
./data/csv/1MB/|1048435456|67108864|248.89426493644714
./data/csv/11MB/|134217728|67108864|503.72276997566223
./data/csv/11MB/|268435456|67108864|487.0727319717407
./data/csv/11MB/|528435456|67108864|471.18807077407837
./data/csv/11MB/|1048435456|67108864|493.380450963974
./data/csv/KB/|134217728|134217728|336.0914030075073
./data/csv/KB/|268435456|134217728|198.35735297203064
./data/csv/KB/|528435456|134217728|127.89544773101807
./data/csv/KB/|1048435456|134217728|96.80837416648865
./data/csv/1MB/|134217728|134217728|446.9357240200043
./data/csv/1MB/|268435456|134217728|328.0890738964081
./data/csv/1MB/|528435456|134217728|279.11064982414246
./data/csv/1MB/|1048435456|134217728|276.69134306907654
./data/csv/11MB/|134217728|134217728|568.2760047912598
./data/csv/11MB/|268435456|134217728|441.2234089374542
./data/csv/11MB/|528435456|134217728|439.9712929725647
./data/csv/11MB/|1048435456|134217728|433.6922709941864
./data/csv/KB/|134217728|268435456|333.15373611450195
./data/csv/KB/|268435456|268435456|342.5045599937439
./data/csv/KB/|528435456|268435456|199.11452913284302
./data/csv/KB/|1048435456|268435456|129.83467435836792
./data/csv/1MB/|134217728|268435456|444.98267793655396
./data/csv/1MB/|268435456|268435456|440.4849920272827
./data/csv/1MB/|528435456|268435456|336.25275111198425
./data/csv/1MB/|1048435456|268435456|292.2994029521942
./data/csv/11MB/|134217728|268435456|614.6012320518494
./data/csv/11MB/|268435456|268435456|654.1515510082245
./data/csv/11MB/|528435456|268435456|502.3236129283905
./data/csv/11MB/|1048435456|268435456|433.3350501060486
